0000000000000000000000000000000000000000000000000000000000000000000000000000000000000000000000000000
0000000000000000000000000000000000000100000000000000000000000000000000000000000000000000000000000000
0000000000000000000000000000000000001000000000000000000000000000000000000000000000000000000000000000
0000000000000000000011100000000000011000000000000000000000000000000000000000000000000000000000000000
0000000000000000011111100000000000111000000000000000000000000000000000000000000000000000000000000000
0000000000000000111100000000000001110000000000000000000000000000000000000000000000000000000000110000
0000000000000011110000000000000011100000000000000000000000000000000000000000000000000000000011100000
0000000000011111000000000000000111000000000000000000000000000000000000100010000000000000001111000000
0000000001111100000000110001111111111011111111111111111100011111111111110110100001011100111100000000
0000000111111000000000110011101111111111110001100001111110011111111111100111100011011011110000000000
0000011111100000000110111111011101111111111001100111111100111000111111001101110110111111000000000000
0001111111111111111111111110111011101111100011111111000000110111111110011111110110111110000000000000
1111111111111111111111001101110111011100111011111110000001111111000100111011111101111111100000000000
0011111111111111000000011101111110011111110110011111110111111000001101110111011101100011110000000000
0000000000000000000000111011111000011100000110000111111111100000001111110110011011100000111000000000
0000000000000000000001110011110000000000001100000000111011000000001100110000000001000000001110000000
0000000000000000000001100001100000000000001100000000000111000000000000000000000000000000000111000000
0000000000000000000011000000000000000000000000000000000110000000000000000000000000000000000001110000
0000000000000000000111000000000000000000000000000000001110000000000000000000000000000000000000011100
0000000000000000001110000000000000000000000000000000001100000000000000000000000000000000000000000110
0000000000000000010000000000000000000000000000000000011000000000000000000000000000000000000000000001
0000000000000000000000000000000000000000000000000000010000000000000000000000000000000000000000000000
0000000000000000000000000000000000000000000000000000100000000000000000000000000000000000000000000000
0000000000000000000000000000000000000000000000000000100000000000000000000000000000000000000000000000
2
