0000000000000000000000000000000000000000000000000000000000000000000000000000000000000000000000000000
0000000000000000000000000000000000000000000000000000000000000000000000000000000010010000000000000000
0000000000000000000000000000000000000000000000000000000000000000000000000000011101000000000000000000
0000000000000000000000000000000000000000000000000000000000000000000000000000100001000000000000000000
0000000000000000000000000000000000000000000000000000000000000000000000000001100000100000000000000000
0000000000000000000000000000000000000000000000000000000000000000000000000011100000110000000000000000
0000000000000000000000000000000000000000000000000000000000000000000000000111001010010000000000000000
0000000000000000000000000000000000000000000000000000000000000000000000000110000000110000000000000000
0000000000000000000000000000000000000000000000000000000000000000000000001100000000010000000000000000
0000000000000000000000000000000000000000000000000000000000000000000000001100000000010000000000000000
0000000000000000000000000000000000000000000000000000000000000000000000011000000000111000000000000000
0000000000000000000000000000000000000000000000000000000000000000000000111000000000001000000000000000
0001101100000000000000000000000000000000000000000000000000000000000000110000000000111000000000000000
0010011110000000000000000000000000000000000000000000000000000000000001100000000000001000000000000000
0110000011100000000000000000000000000000000000000000000000000000000011100000000000011000000000000000
0110000000111000000000000000000000000000000000000000000000000000000011100000000000001000000000000000
0100100000001100000000000000000000000000000000000000000000000000000111000000000000011100000000000000
0111000000000111000000000000000000000000000000000000000000000000000111000000000000001000000000000000
0100010001000111100000000000000000000000000000000000000000000000001110000000000000011000000000000000
0101000000010001110000000000000000000000000000000000000000000000001100000000000000011000000000000000
0110000000000000111000000000000000000000000000000000000000000000011000000000000000011000000000000000
0111000000000000011100000000000000000000000000000000000000000000011100000000000001001000000000000000
0110000000000000001110000000000000000000000000000000000000000000110000000000000000001000000000000000
0010000000000000000111000000000000000000000000000000000000000000111010000000000000001000000000000000
0011000000000000000011100000000000000000000000000000000000000000010100000000000001011000000000000000
0010000000000000000011110000000000000000000000000000000000000000011001000000000000010000000000000000
0011010000000000000000111100100000000000000000000000000000000100001110000000000000011000000000000000
0001000000000000000000100110000000000000000000000000000000000100001111000001000000010000000000000000
0001001100000000000000110110001000000000000000000000000000000000000011000000000110110000000000000000
0001000000000000000000011000000000000000000000000000100000000011100001110000000100110000000000000000
0000100000000000000000000111100100000000000000010000010000000000010000111010001101100000000000000000
0001000000000000000000000010100000000000010100000100100000000000011000001010001000100000000000000000
0000111000000000000000001101000000000000000000010010000000010000000110001100011000000000000000000000
0000100010000000000000001100000000000000000001000000000000001000000011000100010000100000000000000000
0000010010000000000000001110000000010101000000000000100100000100100001110100100001100000000000000000
0000011111000000000000010100011000000000000000000000001000000000000001000001100001100000000000000000
0000001000100000000000001000111000000000010001000100000000000000000000011001000000100000000000000000
0000001000010000000010011000000000100000000000000000000000000000010100000000001001110000000000000000
0000000110011000001100010001100000001000001000000000001000000001000000011010011101110000000000000000
0000000011001100000000010010000000100000000000100000000000000000000000000000011010110000000000000000
0000000001000110000010000001000000000100000100000000100100000000000011000011000000000000000000000000
0000000000100001000010010010000010000100001001000000101100000110010000000001100000000000000000000000
0000000000000001100001100000001000000100011000001000001000011000100101000000110111000000000000000000
0000000000000000110000100001001000101000000010000000001010010000000000001000010010000000000000000000
0000000000110000011000001100010000100100000000000110000000010000000000010000010000000000000000000000
0000000000111000001100010000001001000100000000001000001011000110100000000000011000000000000000000000
0000000000010010000110100010000001101000000010001000010000010001001000110010001000000000000000000000
0000000000011011110000000001000100000010100001000010000100010010000010000011001100000000000000000000
0000000000011100111000001000001000100001101000000000010000101101000000000000101100011010101000000000
0000000000001000001000110000000000000000100110000100000100101100000100111100000100011110111111101111
0000000000001000000000100000001000000000011100001000100100100100000000110000000100111110111011110000
0000000000000000000001100000110000001000001010000010000010000100000001100001000100001100001000000001
0000000000000000111010100001100011100000000000000000101101010100001111000000000100000000000000100000
0000000000000000010011100011000100000100100010100100000001001100011100000000000000000000000000000001
0000000000000000010001000110000001000000001011000001010101000001001000011111100100000000000000000000
0000000000000000010011000100000011100001110000010001010000000011011000111101110000000000000000000000
0000000000000000000011000100001000011110000100010010000010100000100000111000010100000000000000000000
0000000000000000000011010000010000000111110011000011000100101110000000001101000000000000000000000000
0000000000000000000010000000100000000011111101110000011011010000100010011011100000000000000000000000
0000000000000000000010100101000001000000000001100111001110001000000010111011110000000010000000000000
0000000000000000000011001000001111110000001000011011111110001000000010011111101000000000000010000000
0000000000000000000011001000011011111100000000100011111111110110000010101111100100001000000010000110
0000000000000000000000001000100000110110000001000110000000000000110000110111010000000000011000000000
0000000000000000000000001001101111101011000000111100000000000010000000011010100000000010000000000000
0000000000000000000000001101101111101001100010100000000000000011100010000101000000000010001000100000
0000000000000000000000001100011111110101000000010000000000000000001110000001001010000000001100000000
0000000000000001111100010110101111110100000100110000000011110000000111100000010011000000000000000000
0000000000000011100000000010010111110100001001100001111111111100000001110000100010000000000000100000
0000000000000000000000000010011001101000000010000011100000000100000000011110100010000000010000000000
0000000000000000000000010010001110010000011100100110000000000010000000001101100100000000000100001100
0000000000000000000000010010000011000001110000001100000000111010000000000001100110000000000000000000
0000000000000000000000000100010000000001000000001100111000110110000000000000100100011000000000000000
0000000000000000000000000010010001000010010000001001111000111100000100000100101000010100000000001000
0000000000000000000000000000001101111110110000000111111010000011001001000000011000000001000000000000
0000000000000000000000001011010100111000110000000111110010000010000010000000110110000000000000010000
0000000000000000000000000001000110000001110000001000000001000100000010011101100100000000000000000000
0000000000000000000000000000001101000011110000000011010001001010000101101000111100000000000000000000
0000000000000000001110000100010110000011100000000001111111011000000001010001011100000000000100000000
0000000000000000100000000100000011101000100110000010101111100100111010010010001100000000001000000000
0000000000000000000000000010010011100110100000001000001101001011110010010000001100010000000000000000
0000000000000000000000000011000010100101100000000000010000111000000010100000000100010000000011000000
0000000000000000000000000011000000010101000100000011110000110011010100000000000100001000000000000000
0000000000000000000000000001000000000100110000010100000101011001000000000000000010011010000000001001
0000000000000000000000000011000000000011100000000000000100000000010000000000000110011001000000000000
0000000000000000000000000011000001000000000101000000000100111111000000000000000110001000000000000010
0000000000000000000000000001000011110100010000010000011111000000101000000100000010001000000000000000
0000000000000000000000000001100000100011000000000001100100000011000000100000100111001001000000000011
0000000000000000000000000000110000111000011010001011000100011111001010000000000110001000000000000111
0000000000000000000000000100010000011100011111001101100111110000000001000011000110010000000000001110
0000000000000000000000000000101000001100001101000000100000000001001000010000000100011000000000011110
0000000000000000000000000100000100110110000000100000100000011110001001001001001110001000000001110010
0000000000000000000000000110011110000001010011100000100001110000100100100100001110001000000011100000
0000000000000000000000000010010010010001100001100000100000000011000100100100011000011000000111010010
0000000000000000000000000110001001000000000001000000000000111000010010110000111100011000001110000000
0000111111111100000000000010101000110010101000110000010000110010010010011001110100011000011011010001
1111111110000111110000000111000011000000000110010000000000111100000010000101111000001000111100100001
1100000111111111111111100010010010110000010011000000000000111100100000001111001000011001111111000001
0000000000111110110111100010010011010000110011111000000001111111100100111100101000010011100011000001
0000000000000000000000000000000010111000000001111100000011000000111111101000100000010011100001100001
0000000000000000000000000000000000001111000000000111111100000011101011100000000000001000000001100000

