1111111111111111111111111111111111111111111111111111111111111111111111111111111111111111111111111111
1111111111111111111111111111111111111111111111111111111111111111111111111111111111111111111111111111
1111111111111111111111111111111111111111111111111111111111111111111111111111111111111111111111111111
1111111111111111111111111111111111111111111111111111111111111111111111111111111111111111111111111111
1111111111111111111111111111111111111111111111111111111111111111111111111111111111111111111111111111
1111111111111111111111111111111111111111111111111111111111111111111111111111111111111111111111111111
1111111111111111111111111111111111111111111111111111111111111111111111111111111111111111111111111111
1111111111111111111111111111111111111111111111111111111111111111111111111111111111111111111111111111
1111111111111111111111111111111111111111111111111111111111111111111111111111111111111111111111111111
1111111111111111111111111111111111111111111111111111111111111111111111111111111111111111111111111111
1111111111111111111111111111111111111111111111111111111111111111111111111111111111111111111111111111
1111111111111111111111111111111111111111111111111111111111111111111111111111111111111111111111111111
1111111111111111111111111111111111111111111111111111111111111111111111111111111111111111111111111111
1111111111111111000000000000000000000000000000000000000000000000000000000000000000001111111111111111
1111111111111111000000000000000000000000000000000000000000000000000000000000000000001111111111111111
1111111111111111011111111111111111111111111111111111111111111111111111111111111111001111111111111111
1111111111111111011111111111111111111111111111111111111111111111111111111111111111001111111111111111
1111111111111111011111111111111111111111111111111111111111111111111111111111111111001111111111111111
1111111111111111011111111111111111111111111111111111111111111111111111111111111111001111111111111111
1111111111111111011111111111111111111111111111111111111111111111111111111111111111001111111111111111
1111111111111111011111111111111111111111111111111111111111111111111011111110111111001111111111111111
1111111111111111011111111111111111111111111111111111111111111111110011111110011111001111111111111111
1111111111111111011111111111111111111111111111111111111111111111100001111100001111001111111111111111
1111111111111111011111111111111111111111111111111111111111011111110000111000111111001111111111111111
1111111111111111011111111111111111111111111111111111111110011111111000010001111111001111111111111111
1111111111111111011111111111111111111111111111111111111100001111111100000011111111001111111111111111
1111111111111111011111111111111111111111011111111111111100000111111110000111111111001111111111111111
1111111111111111011111111111111111111111001111111111111111000011111110000011111111001111111111111111
1111111111111111011111111111111111111111001001111111111111100001111100000001111111001111111111111111
1111111111111111011111111111111111111000000000111111111111110000111000110000111111001111111111111111
1111111111111111011111111111111111110000000001111111111111111000010001111000001111001111111111111111
1111111111111111011111111111111111100000000000110001111111111100000001111100011111001111111111111111
1111111111111111011111111111111111000000000000100000111111111111000011111110111111001111111111111111
1111111111111111011111111111111110000000000000100001011111111110000011111111111111001111111111111111
1111111111111111011111111111111100000000000000101101111111111100000001111111111111001111111111111111
1111111111111111011111111111111100000000000000111111111111111000011000111111111111001111111111111111
1111111111111111011111111111111100000000000000111111111111110000111100011111111111001111111111111111
1111111111111111011111111111111000000000000000111111111111100001111110001111111111001111111111111111
1111111111111111011111111111110000000000000001111111111111000011111111000111111111001111111111111111
1111111111111111011111111111110000000000000001111111111110000111111111100000111111001111111111111111
1111111111111111011111111111110000000000000001111111111100001111111111110011111111001111111111111111
1111111111111111011111111111100000000000000011111111111000011111111111110011111111001111111111111111
1111111111111111011111111111100000000000000111111111111111111111111111110111111111001111111111111111
1111111111111111011111111111100000000000001100111111111110011111111111111111111111001111111111111111
1111111111111111011111111111100000000000000000000000000000000000000111111111111111001111111111111111
1111111111111111011111111111100000000000000000000000000000000000000000011111111111001111111111111111
1111111111111111011111111111000000000000000000000000000000000000000000001111111111001111111111111111
1111111111111111011111111111000000000000000000000000000000000000000000000111111111001111111111111111
1111111111111111011111111111100000000000000000000000000000000000000000000011111111001111111111111111
1111111111111111011111111111100000000000000000000000000000000000000000000011111111001111111111111111
1111111111111111011111111111100000000000000000000000000000000000000000000011111111001111111111111111
1111111111111111011111111111100000000000000000000000000000000000000000000001111111001111111111111111
1111111111111111011111110000110000000000000000000000000000000000000000000111111111001111111111111111
1111111111111111011111110000010000000000000000000000000000000000000000000111111111001111111111111111
1111111111111111011111110010010000000000000000000000000000000000000000000111111111001111111111111111
1111111111111111011111110011111000000000000000000000000000000000000000000111111111001111111111111111
1111111111111111011111111011111100000000000000000000000000000000000000000111111111001111111111111111
1111111111111111011111111011111110000000000000000000000000000000000000000111111111001111111111111111
1111111111111111011111111011111111100000000000000000000000000000000000001111111111001111111111111111
1111111111111111011111111011111111111100000000000000000000000000001000001111111111001111111111111111
1111111111111111011111111011111111111111111111111111111111110011011101111111111111001111111111111111
1111111111111111001111111101111111110010111111111111111111111111111111001111111111001111111111111111
1111111111111111001111111101111111100010011111111111111111111100111111100111111111001111111111111111
1111111111111111001111111100111111000011011111111111111111111100111111100111111111001111111111111111
1111111111111111001111111100111110000111011111111111111111111100111111110111111111001111111111111111
1111111111111111001111111100111100001111011111111111111111111101111111110111111111001111111111111111
1111111111111111101111111101111000011111011111111111111111111011111111110111111111011111111111111111
1111111111111111100111111110111000111111011111111111111111110111111111110111111110011111111111111111
1111111111111111100111111110110001111111011111111111111111101111111111110111111110011111111111111111
1111111111111111100111111111100011111111011111111111111111011111111111110111111110011111111111111111
1111111111111111110011111111000111111111011111111111111100111111111111110111111100111111111111111111
1111111111111111110011111110001111111111011111111111111001111111111111110111111100111111111111111111
1111111111111111111001111100011111111111011111111111111011111111111111100111111001111111111111111111
1111111111111111111001111100111111111110011111111111100011111111111111000111111001111111111111111111
1111111111111111111000111111111111111111111111111111111111111111111111111111110001111111111111111111
1111111111111111111100111111111111111000111111111111001111111111111110011111110011111111111111111111
1111111111111111111100011111111111111111111111111111111111111111111111111111100111111111111111111111
1111111111111111111110001111111111111111111111111111111111111111111111111111000111111111111111111111
1111111111111111111111001111111111111111111111111111111111111111111111111111001111111111111111111111
1111111111111111111111100111111111111111111111111111111111111111111111111110011111111111111111111111
1111111111111111111111100011111111111111111111111111111111111111111111111100011111111111111111111111
1111111111111111111111110001111111111111111111111111111111111111111111111000111111111111111111111111
1111111111111111111111111000111111111111111111111111111111111111111111110001111111111111111111111111
1111111111111111111111111100011111111111111111111111111111111111111111100011111111111111111111111111
1111111111111111111111111110001111111111111111111111111111111111111111000111111111111111111111111111
1111111111111111111111111111000011111111111111111111111111111111111100001111111111111111111111111111
1111111111111111111111111111100001111111111111111111111111111111111000011111111111111111111111111111
1111111111111111111111111111111000011111111111111111111111111111100001111111111111111111111111111111
1111111111111111111111111111111100000111111111111111111111111110000011111111111111111111111111111111
1111111111111111111111111111111111000001111111111111111111110000001111111111111111111111111111111111
1111111111111111111111111111111111110000000111111111111110000000111111111111111111111111111111111111
1111111111111111111111111111111111111110000000000000000000000111111111111111111111111111111111111111
1111111111111111111111111111111111111111111000000000000001111111111111111111111111111111111111111111
1111111111111111111111111111111111111111111111111111111111111111111111111111111111111111111111111111
1111111111111111111111111111111111111111111111111111111111111111111111111111111111111111111111111111
1111111111111111111111111111111111111111111111111111111111111111111111111111111111111111111111111111
1111111111111111111111111111111111111111111111111111111111111111111111111111111111111111111111111111
1111111111111111111111111111111111111111111111111111111111111111111111111111111111111111111111111111
1111111111111111111111111111111111111111111111111111111111111111111111111111111111111111111111111111
1111111111111111111111111111111111111111111111111111111111111111111111111111111111111111111111111111

