0000000000000000000000000000000000000000000000000000000000000000000000000000000000000000000000000000
0000000000000000000000000000000000000000000000000000000000000000000000000000000000000000000000000000
0000000000000000000000000000000000000000000000000000000000000000000000000000000000000000000000000000
0000000000000000000000000000000000000000000000000000000000000000000000000000000000000000000000000000
0000000000000000000000000000000000000000000000000000000000000000000000000000000000000000000000000100
0000000000000000000000000000000000000000000000000000000000000000000000000000000000000000000000001000
0000000000000000000000000000000000000000000000000000000000000000000000000000000000000000000000111000
0000000000000000000000000000000000000000000000000000000000000000000000000000000000000000000011110000
0000000000000000000000000000000000000000000000000000000000000000000000000000000000000000000110100000
0000000000000000000000000000000000000000000000000000000000000000000000000000000000000000011001100000
0000000000000000000000000000000000000000000000000000000000000000000000000000000000000000110001000000
0000000000000000000000000000000000000000000000000000000000000000000000000000000000000011000010000000
0000000000000000000000000000000000000000000000000000000000000000000000000000000000001110000110000000
0000000000000000000000000000000000000000000000000000000000000000000000000000000000111110000100000000
0000000000000000000000000000000000000000000000000000000000000000000000000000000001111011001000000000
0000000000000000000000000000000000000000000000000000000000000000000000000000000011110011111000000000
0000000000000000000000000000000000000000000000000000000000000000000000000000001111000111010000000000
0000000000000000000000000000000000000000000000000000000000000000000000000000010010001110110000000000
0000000000000000000000000000000000000000000000000000000000000000000000000001100011010101100000000000
0000000000000000000000000000000000000000000000000000000000000000000000000011000001101001000000000000
0000000000000000000000000000000000000000000000000000000000000000000000000110000001110011000000000000
0000000000000000000000000000000000000000000000000000000000000000000000001000000011000110000000000000
0000000000000000000000000000000000000000000000000000000000000000000000110000000110000100000000000000
0000000000000000000000000000000000000000000000000000000000000000000001100000001100001000000000000000
0000000000000000000000000000000000000000000000000000000000000000000011000000011000011000000000000000
0000000000000000000000000000000000000000000000000000000000000000000110000000110000110000000000000000
0000000000000000000000000000000000000000000000000000000000000000001000000001100001100000000000000000
0000000000000000000000000000000000000000000000000000000000000000010000000011000011000000000000000000
0000000000000000000000000000000000000000000000000000000000000000111000000110000010000000000000000000
0000000000000000000000000000000000000000000000000000000000000001101000001100000100000000000000000000
0000000000000000000000000000000000000000000000000000000000000011011110011000001100000000000000000000
0000000000000000000000000000000000000000000000000000000000000111110100110000011000000000000000000000
0000000000000000000000000000000000000000000000000000000000001101101001000000110000000000000000000000
0000000000000000000000000000000000000000000000000000000000011001110010000001100000000000000000000000
0000000000000000000000000000000000000000000000000000000000110000110100000011000000000000000000000000
0000000000000000000000000000000000000000000000000000000001100000011100000110000000000000000000000000
0000000000000000000000000000000000000000000000000000000011000001100110001100000000000000000000000000
0000000000000000000000000000000000000000000000000000000110000001000011011000000000000000000000000000
0000000000000000000000000000000000000000000000000000001100000110000001110000000000000000000000000000
0000000000000000000000000000000000000000000000000000011000001100000000100000000000000000000000000000
0000000000000000000000000000000000000000000000000000110000011000000001000000000000000000000000000000
0000000000000000000000000000000000000000000000000001100000110000000010000000000000000000000000000000
0000000000000000000000000000000000000000000000000011000001100000000100000000000000000000000000000000
0000000000000000000000000000000000000000000000000111100011000000001000000000000000000000000000000000
0000000000000000000000000000000000000000000000001101110110000000010000000000000000000000000000000000
0000000000000000000000000000000000000000000000111000111100000000100000000000000000000000000000000000
0000000000000000000000000000000000000000000111110000011000000001000000000000000000000000000000000000
0000000000000000000000000000000000000011111100000000110100000010000000000000000000000000000000000000
0000000000000000000000000000000000000111100000000001100010000100000000000000000000000000000000000000
0000000000000000000000000000000000001000110000000011000001001000000000000000000000000000000000000000
0000000000000000000000000000000000110000011000000010000000110000000000000000000000000000000000000000
0000000000000000000000000000000000100000001100000100000001100000000000000000000000000000000000000000
0000000000000000000000000000000001100000010110011000000011000000000000000000000000000000000000000000
0000000000000000000000000000000110110000100011110000000110000000000000000000000000000000000000000000
0000000000000000000000000000001100011001100001100000001100000000000000000000000000000000000000000000
0000000000000000000000000000011000001101000001100000011000000000000000000000000000000000000000000000
0000000000000000000000000000110000000110000011110000111000000000000000000000000000000000000000000000
0000000000000000000000000001100000000011000110011001101000000000000000000000000000000000000000000000
0000000000000000000000000011000000000001101100001111011000000000000000000000000000000000000000000000
0000000000000000000000000011000000000000111000011011010000000000000000000000000000000000000000000000
0000000000000000000000000001111000000001101100110001110000000000000000000000000000000000000000000000
0000000000000000000000000000111111100011000111100000110000000000000000000000000000000000000000000000
0000000000000000000000000000000111100110000011000000010000000000000000000000000000000000000000000000
0000000000000000000000000000001111100100000110000000100000000000000000000000000000000000000000000000
0000000000000000000000000000000010110110001111000001000000000000000000000000000000000000000000000000
0000000000000000000000000000000101011011011000100011000000000000000000000000000000000000000000000000
0000000000000000000000000000011000101111110000010010000000000000000000000000000000000000000000000000
0000000000000000000000000000110011000111000000001100000000000000000000000000000000000000000000000000
0000000000000000000000000001100111001111000000011000000000000000000000000000000000000000000000000000
0000000000000000000000000011011110110111000000110000000000000000000000000000000000000000000000000000
0000000000000000000000000110111101100101000001100000000000000000000000000000000000000000000000000000
0000000000000000000000001001111001000001100011000000000000000000000000000000000000000000000000000000
0000000000000000000000010011010010000001100110000000000000000000000000000000000000000000000000000000
0000000000000000000000100101110100000000111100000000000000000000000000000000000000000000000000000000
0000000000000000000001011001101000000000011000000000000000000000000000000000000000000000000000000000
0000000000000000000000010011011000000000000000000000000000000000000000000000000000000000000000000000
0000000000000000000000100010100000000000000000000000000000000000000000000000000000000000000000000000
0000000000000000000001001101000000000000000000000000000000000000000000000000000000000000000000000000
0000000000000000000000010000000000000000000000000000000000000000000000000000000000000000000000000000
0000000000000000000000000000000000000000000000000000000000000000000000000000000000000000000000000000
0000000000000000000100000000000000000000000000000000000000000000000000000000000000000000000000000000
0000000000000000001010000000000000000000000000000000000000000000000000000000000000000000000000000000
0000000000000000011100000000000000000000000000000000000000000000000000000000000000000000000000000000
0000000000000000111000000000000000000000000000000000000000000000000000000000000000000000000000000000
0000000000000001110000000000000000000000000000000000000000000000000000000000000000000000000000000000
0000000000000011000000000000000000000000000000000000000000000000000000000000000000000000000000000000
0000000000000110000000000000000000000000000000000000000000000000000000000000000000000000000000000000
0000000000001100000000000000000000000000000000000000000000000000000000000000000000000000000000000000
0000000000011000000000000000000000000000000000000000000000000000000000000000000000000000000000000000
0000000000110000000000000000000000000000000000000000000000000000000000000000000000000000000000000000
0000000001100000000000000000000000000000000000000000000000000000000000000000000000000000000000000000
0000000011000000000000000000000000000000000000000000000000000000000000000000000000000000000000000000
0000000110000000000000000000000000000000000000000000000000000000000000000000000000000000000000000000
0000001100000000000000000000000000000000000000000000000000000000000000000000000000000000000000000000
0000011000000000000000000000000000000000000000000000000000000000000000000000000000000000000000000000
0000110000000000000000000000000000000000000000000000000000000000000000000000000000000000000000000000
0001100000000000000000000000000000000000000000000000000000000000000000000000000000000000000000000000
0011000000000000000000000000000000000000000000000000000000000000000000000000000000000000000000000000
0110000000000000000000000000000000000000000000000000000000000000000000000000000000000000000000000000
1100000000000000000000000000000000000000000000000000000000000000000000000000000000000000000000000000
