000000000000000000000000000000000000000000000000000000000000000000000000000000000000000000000000000
000000000000000001111111111000000000000000000000000000000000000000000000000000000000000000000000000
000000000000000011110111111100000000000000000000000000000000000000000000000000000000000000000000000
000000000000000111111010111111000000000000000000000000000000000000000000000000000000000000000000000
000000000000011110000100111111111111111101000000000000000000000000000000000000000000000000000000000
000000000000111110000010011111111100000111100000000000000000000000000000000000000000000000000000000
000000000000111110000000011111100000000011111111000000000000000000000000000000000000000000000000000
000000000001101000100001111110000000000001111111110000000000000000000000000000000000000000000000000
000000000011001000000010111000000000100000011111111000000000000000000000000000000000000000000000000
000000000011100000001011000000000000000000000110111110000000000000000000000000000000000000000000000
000000000110000000000100000000000000001000000000001111100000000000000000000000000000000000000000000
000000011110000000111000000000000000000000000000000111111100000000000000000000000000000000000000000
000000111100000000010000000000111111100000011100000100111110000000000000000000000000000000000000000
000001111100000001100001000001011111000100011111000000011111000000000000000000000000000000000000000
000001111100000110000010001001110000011110110111100000001111100000000000000000000000000000000000000
000001101000000100000010011001110000000110000000000000000111100000000000000000000000000000000000000
000001001000001000001000111000111110011100000000000100111011110000000000000000000000000000000000000
000001001000010000001001111000011111110000000000000111111111111000000000000000000000000000000000000
000011100000010000000000111000011111110011000000000001110101111000000000001111110000000000000000000
000111000000000000100100111000011111000001110100000000111101011100000011111111111110000000000000000
000111000000000010000100111000011110000000011111000000010011111100001111111111111111000000000000000
001110000001000110000100011000111100001000000111100000011001111100111111110110001111110000000000000
001110000001000000000110011000111000001110000111110000001100111111111111010000000011111000000000000
001110000000000100000110011100011000111111100011110000001100111110111100000000000001111110000000000
001100000010000000000110011100011001111111100001110000001100011110011000000000000000111110000000000
001110000000000000001110001110010001001111110001111000001000011111000000000000000000001111000000000
001110000100000000001110000110010011101111111010111011001100011010001000100000000000001111000000000
001100000100011000011110000111010111100110000010111011001000101001101101010100000000001111000000000
001100000000001000011110000111000111100000000011111011011001111010101111111100000000000111000000000
001100001000001000011110000011100111110000001011111001011011111111100000111110000000001111100000000
001100001000000000011110000001100111111000000111111011011000101000101000001111000000001111100000000
001100001100010000111100000010010011111100000011110011111000010001100000000001110000001111100000000
000110101000000000111100000001000000111111110000000110111000000000101000000000111010011011101100000
000111101000000000111100000001100110000000000000000111000000001000000100000000011110111111101110000
000011101100000000111100000000111001110000000000000000000001001000100000000000011111111111011111000
000011011100000000111000000000011100111100000000000000000011000100101000000000011111110000001001100
000011101100000011111000000000001110111111100000000000000011000001011101000000100000000000011111111
000011101000000011110000000000001111000010000000000000000001100000010110000001000011100000111111110
000011000000001111110000000000000110000000000000000000000011101000111110000001111111101000001111000
000111010000001111100000000000000011100000000000000000000101100101111100000111111111110000111110000
001110011000011111100000000000000011110000000000000000000001110000000000001110111110111011111000000
001100011000011111000000000000000011110100000000000000000100110000000011111110000000101111110000000
001100011000011111000000000000000001111000000000100000000001110000000011110100000000001111000000000
000110111000011111000000000000000001111100000000000000000011110000001101100000000100111100000000000
000111011000111110000000000000000001111100000000000000000011110100011100100000000001111000000000000
000110011000111110000000000000000001111110000000000000000011100100001100000000000011110000000000000
000111011000111110000000000000000000011111110000000000000111101100001111010000000111100000000000000
000111110000111100000000000000000000000111110000000000111111011000011111111000001111000000000000000
000110011001111100000000000000000000000000110010110111111111111000011110111000011110000000000000000
000110011101111100000000000000000000000000110111111111111100000001011011110000011110000000000000000
000110011011111110000000000000000000000000111111111111111000000011111110000001111100000000000000000
000110101111111110000000000000000000000000111111111111000000011111110000000001111000000000000000000
000110011111111110000000000000000000111000111111110000000000111111000000000001111000000000000000000
001110011111001111000000000000000000111111111100000000000111111110000000000001110000000000000000000
001110011100000111111001111111100111111111100000000000001111111001000000000001110000000000000000000
011100010000000001111111111111111110000000000000000000001111011100000000000101100000000000000000000
011100011000000000000000000000000000000000000000000000111111110000000000001111100000000000000000000
011100011100000000000000000000000000000000000000111111111111110000000000000101000000000000000000000
011100001100000000011000000000000000000000001111110001111111000000000000000011000000000000000000000
011100011110000000000111000000000000011111111111000111100000000000000000000111000000000000000000000
011100001111000000000000111110000011111111110000011111000000000000000000111111000000000000000000000
001110001111000000000000001111111001001000000000111111100000000000000000110110000000000000000000000
001110001111000000000000000001110000001000000011110010000000000000000000000110000000000000000000000
001111001011100000000001000000010000000000001011000010000000100000000000111110000000000000000000000
000111100111110000000000000000000000000000000010000000000000000000000000011100000000000000000000000
000011111111110000000000000000000000000001100100000000000000000000000000111100000000000000000000000
000001111111110000000000000000000000000000011100000000000000000000000000111000000000000000000000000
000000111111110000000000000000000000000001001100000000000000000000000000110000000000000000000000000
000000111101111000000000000000000000000001010000000000000000000000000000110000000000000000000000000
000000011111111100000000000000000000000001100001000000000000000000000000100000000000000000000000000
000000000111111100000000000000000010000001100001000000000000000000000001100000000000000000000000000
000000000111111100000000000100000010000001000000000000000000000000000111100000000000000000000000000
000000000011111110000000001000100000000101000000000000000000000000011111000000000000000000000000000
000000000000001100000000011000000000000101000000000000000000000000000111000000000000000000000000000
000000000000000110000000010000000000000001000000000000000000000000001110000000000000000000000000000
000000000000000110000000110010100000000001000000000000000000000000001110000000000000000000000000000
000000000000000011100000100010000000000001000000000000000000000000010100000000000000000000000000000
000000000000000011100000100110000000000000000000000000000000000000001000000000000000000000000000000
000000000000000001110001100100000000000000001000000000000000000000001100000000000000000000000000000
000000000000000000111001000100000000000000001000000000000000000000011110000000000000000100000000000
000000000000000000011111001000000000000000010000000000000000000000111111000000000000001100000000000
000000000000000000011111001100000000000000000001000000000000000011111111100000000000000100000000000
000000000000000000000111000100000001000000000000010000000000000111111111110000000000000100000000000
000000000000000000000000101111000000000000000010000011111000111111111111111000000000000100000000000
000000000000000000000000011011110111110001000110001111111111111110111111111100000000000100000000000
000000000000000000000000001101111110000110111111111111111111111100011111111110000000000100000000000
000000000000000000000000001110111110101111111111111111111111111110011111111111100000001100000000000
000000000000000000000000001110111111111111011111111000000000111110001111111111111010111000000000000
000000000000000000000000001111001111110001110000000000000000000001100001111111111101110000000000000
000000000000000000000000001111111110110111110000000000000000000000000110000111110111100000000000000
000000000000000000000000000111000000000111110000000000000000000000000000111100111111000000000000000
000000000000000000000000000000000000001111110000000000000000000000000000000010011100000000000000000
000000000000000000000000000000000000001111110000000000000000000000000000000000000000000000000000000
000000000000000000000000000000000000011111110000000000000000000000000000000000000000000000000000000
000000000000000000000000000000000000011111110000000000000000000000000000000000000000000000000000000
000000000000000000000000000000000000011111110000000000000000000000000000000000000000000000000000000
000000000000000000000000000000000000011111110000000000000000000000000000000000000000000000000000000
000000000000000000000000000000000000011111110000000000000000000000000000000000000000000000000000000
000000000000000000000000000000000000011111110000000000000000000000000000000000000000000000000000000
000000000000000000000000000000000000000000000000000000000000000000000000000000000000000000000000000

