0000000000000000000000000000000000000000000000000000000000000000000000000000000000000000000000000000
0000000000000000000000000000000000000000000000000000000000010000000000000000000000000000000000000000
0000000000000000000000000000000000000000000000000110000000000000000000100000000000000000000000000000
0000000000000000000000000000000000000000000000001111100000000000000000000000000000000000000000000000
0000000000000000000000000000000000000000000011101000100000000000000000000000000000000000000000000000
0000000000000000000000000000000000000000000111110000111100000000000000000000000000000000000000000000
0000000000000000000000000000000000000000000100000000011110000000000000000000000000000000000000000000
0000000000000000000000110001100000000000001100000110000011000000000000110001100000000000000000000000
0000000000000000000001111110010000000000000100001001000011000000000001001111110000000000000000000000
0000000000000000000011000100010000000000000100010000100010000000000001000100011000000000000000000000
0000000000000000000010000000011100000000000110010001100100000000000111000000001000000000000000000000
0000000000000000000011000000000110000000001100010001000110000000001100000000001000000000000000000000
0000000000000000000001001111000010000000001000001110000011000000011000011100010000000000000000000000
0000000000000000000011001001100011000000001100000000000011000000010000110010011000000000000000000000
0000000000000000000100001000100010000000001100000000000011000000011000100010000100000000000000000000
0000000000000000000100001000100110000000000111100000111110000000001100100010000100000000000000000000
0000000000000000000100000111000100000000000011110001111000000000000100011100000100000000000000000000
0000000000000000000011000000000100000000000000011011000000000000000100000000011100000000000000000000
0000000000000000000001110000000100000000000000001110000000000000000100000001110000000000000000000000
0000000000000000000000010001111000000000000000000000000000000000000111110001000000000000000000000000
0000000000000110000000010001010000000000000000000000000000000000000000010001000000001100000000000000
0000000000000110000000001110000000000000000000000000000000000000000000001110000000001110000000000000
0000000000000110001100000000000000000000000000000000000000000000000000000000000110000100000000000000
0000000000000100011100000000000000000000000000000000000000000000000000000000000111000010000000000000
0000000000101000011100000000000000000000000000000000000000000000000000000000000111000010010000000000
0000000001101000010000000000000000000000000000000000000000000000000000000000000001000010110000000000
0000000011100110010000000000000000000000000000000000000000000000000000000000000000101100101000000000
0000000010110110100000000001110000000000000000001111100000111000000000111000000000101101101000000000
0000000010011011100000000001110000000011100000011000110000111000000000111000000000111011101100000000
0000000110110011110000000001110000001111111000110000011000111000000000111000000001111001100100000000
0000000100110011010000000001110000001000001101100000011000111000000000111000000001001001100100000000
0000000100110110010000000001110000011000000101000000001000111000000000111000000001000100100100000000
0000000100100100110000000001110000011000000010000000011000111000000000111000000001100100100100000000
0000000100001000100000000001110000011000000000000000011000111000000000111000000000100010000100000000
0000000100000001100000000001110000011000000000000000010000111000000000111000000000110000000100000000
0000000110000011000000000001110000001000000000000000110000111000000000111000000000011000000100000000
0000000110000010000000000001110000001100000000000000110000111000000000111000000000001100001100000000
0000000011001100000000000001110000000100000000000000100000111000000000111000000000000110001000000000
0000000001111000000000000001110000000110000000000001100000111000000000111000000000000011111000000000
0000000000100000000000000001110000000010000000000011000000111000000000111000000000000000110000000000
0000000001000000000000000001110000000011000000000010000000111000000000110000000000000000010000000000
0000000001000100000000000001110000000001100000000110000000011000000000110000000000000100010000000000
0000000001001100000000000001110000000000110000001100000000011100000001110000000000000110010000000000
0001100001011100000000000001110000000000010000011000000000011110000011100000000000000111010000110000
0001110001010100000000000001110000001000011000010000000000001111111111000000000000000111110001110000
0000111001101100000000000001100000000000001101100000000000000011111110000000000000000110110011110000
0000111101101000000000000000000000000000000111000000000000000000000000000000000000000010010011100000
0000111101011000000000000000000000000000000010000000000000000000000000000000000000000011010111100000
0000011111010000000000000000000000000000000000000000000000000000000000000000000000000001111111000000
0000001111100000000000000000000000000000000000000000000000000000000000000000000000000000111110000000
0000000011000000000000000000000000000000000000000000000000000000000000000000000000000000011000000000
0000000001000000000000000000000000000000000000000000000000000000000000000000000000000000011000000000
0000000001000000000000000000000000000000000000000000000000000000000000000000000000000000011000000000
0000000001000100000000000000000000000000000000000000000000000000000000000000000000000100010000000000
0000000001001100000000000000000000000000000000000000000000000000000000000000000000000110010000000000
0000000001001110000000000000000000000000000000000000000000000000000000000000000000000110010000000000
0000011001001110000000000000011000000000000110100000000010000100000001100100000000000111010011000000
0000011110110110000000000000011000110000011111110000000010001100000111111100000000000101000111000000
0000001111110100000000000000011000110000111000100000000110001100000110001100000000000101111111000000
0000001101110100000000000000011000110000110000100000000110001100001100001100000000000111111110000000
0000000110111000000000000000011001110000100000100000000110001100001100001100000000000011101100000000
0000000011110000000000001100111001100001100000100001000110001100001000001000010000000001111000000000
0000000000010000000000001100101001010001100001100011000110010100011000001000110000000001000000000000
0000000000011000000000001100101110010011100001100011001001110100011000011100100000000001000000000000
0000000000001000000000001101100100010110110010110101001001100100101100110101100000000010000000000000
0000000000001100010000000111000000011100011110011001110000000111000111100111000001000010000000000000
0000000000000100011000000000000000000000000000000000000000000000000000000000000001000100000000000000
0000000000000100011000000000000000000000000000000000000000000000000000000000000011100100000000000000
0000000000000010011000000000000000000000000000000000000000000000000000000000000011101000000000000000
0000000000000010011100000000000000000000000000000000000000000000000000000000000111101000000000000000
0000000000110001011100000000000000000000000000000000000000000000000000000000000111010001100000000000
0000000000111110111000000000000000000000000000000000000000000000000000000000000011101111100000000000
0000000000011111111000001000000000000000000000000000000000000000000000000010000011111111000000000000
0000000000001111111000001100000000000000000000000000000000000000000000000110000011111110000000000000
0000000000000000001000001100000000000000000000000000000000000000000000000110000010000000000000000000
0000000000000000000100001110000000000000000000000000000000000000000000001010000100000000000000000000
0000000000000000000110001010000000000000000000000000000000000000000000001010001100000000000000000000
0000000000000000000011001010000000000000000000000000000000000000000000001010011000000000000000000000
0000000000000000000000101010000000000000000000000000000000000000000000001010100000000000000000000000
0000000000000000000000010110000000000000000000000000000000000000000000001101000000000000000000000000
0000000000000000000111111110000000000000000000000000000000000000000000001111111100000000000000000000
0000000000000000011111111110000000000000000000000000000000000000000000001111111111000000000000000000
0000000000000000000111111101000000000000000000000100000000000000000000110111111110000000000000000000
0000000000000000000001110000110011110000000000001110000000000011111001100001110000000000000000000000
0000000000000000000000000000000011111100000110001010000000000110111000000000000000000000000000000000
0000000000000000000000000000000011010110000111001011001111001101010000000000000000000000000000000000
0000000000000000000000000000000001100011000010111001110010011001110000000000000000000000000000000000
0000000000000000000000000000000000110011000011011001000110010001100000000000000000000000000000000000
0000000000000000000000000000000000011111100001100000001100111111000000000000000000000000000000000000
0000000000000000000000000000000000000111000000110000011000111000000000000000000000000000000000000000
0000000000000000000000000000000000000000000001100110010000000000000000000000000000000000000000000000
0000000000000000000000000000000000001111000001001110011000011110000000000000000000000000000000000000
0000000000000000000000000000000000111111000010111001001000011111000000000000000000000000000000000000
0000000000000000000000000000000000111110000011100001101000001111100000000000000000000000000000000000
0000000000000000000000000000000000000000000000000000011000000000000000000000000000000000000000000000
0000000000000000000000000000000000000000000000000000001000000000000000000000000000000000000000000000
0000000000000000000000000000000000000000000000000000000000000000000000000000000000000000000000000000
0000000000000000000000000000000000000000000000000000000000000000000000000000000000000000000000000000
0000000000000000000000000000000000000000000000000000000000000000000000000000000000000000000000000000
0000000000000000000000000000000000000000000000000000000000000000000000000000000000000000000000000000

