0000000000000000000000000000000000000000000000000000000011100000000000000000000000000000000000000000
0000000000000000000000000000000000000000000000000000000111111111100000000000000000000000000000000000
0000000000000000000000000000000000000000000000000000000111111111100000000000000000000000000000000000
0000000000000000000000000000000000000000000000000001111100000000111100000000000000000000000000000000
0000000000000000000000000000000000000000001111111111111111111111111110000000000000000000000000000000
0000000000000000000000000000000000000011111000001100000000000001100110000000000000000000000000000000
1111100000000000000000111111111111111111110000011110000000000011010100000000000000000000000000000000
1111111111111111111111100000011000000111111100010110000000000011010100000000000000000000000000000000
1111111111111111111111111100011000000111111100001100000000000011010100000000000000000000000000000000
1111100000000000000000111111111111111111111000000000000000000001110100000000000000000000000000000000
0000000000000000000000000000000000000001111111111100000000000000000100000000000000000000000000000000
0000000000000000000000000000000000000000001111111100000000000000001111111111111111111000000000000000
0000000000000000000000000000000000000111111111111111111111111111111111111111111111111110000000000000
0000000000000000000000000000000001111111011010011110000000000000000000000000000000000111100000000000
0000000000000000000000000000000000111111011010110001000000000000000000000000000000000100111000000000
0000000000000000000000000000000000000111011010100001100000000000000000000000000000000100000111000000
0000000000000000000000000000011111111111000010100001000000000000000000000000000000000100000001110000
0000000000000000000000000000110011000001110010110001000000000000000000000000000000000100000001111000
0000000000000000000000000001111111110000011110011110000000000000000000000000000000000100011111001110
0000000000000000000000000001111111111110000111111111111111111111111111111111111111111111110001111011
0000000000000000000000000000111111110011111000000000000000000000000000000000000000000001111111111111
0000000000000000000000000001111111111000011111111000000000000000000000000000011111111111110111111110
0000000000000000000000000001111111111000111001111111111111111111111111111111111111100110000111111111
0000000000000000000000000001111111111001111111111111100001111111111111100001111111111111101111111111
0000000000000000000000000000111111110011111111111111110011111111111111110011111111111111111111111111
0000000000000000000000000000111111111111111111111111110111111111111111111011111111111111111111111110
0000000000000000000000000000001111111111111111111111111111111111111111111111111111111111111111111110
0000000000000000000000000000000011100011111111111111110011111111111111110011111111111111110011111100
0000000000000000000000000000000000111111111111111111110011111111111111110011111111111111110011110000
0000000000000000000000000000000000000111111110011111100001111110011111100001111110011111111110000000
0000000000000000000000000000000000000001111111111111111111111111111111111111111111111111100000000000