0000000000000000000000000000000000000000000000000000000000000000000000000000000000000000000000000000
0000010010001110111000100001001000000000111001000000000100101001010001111001000001010100101110001000
0010101111011110111001100001101011000101111011110011010100101011010111111011100101110101101110111100
0011101001111001101001100001111011100101011100010001110111101111110100100100110111101111011010100100
0011101001010001001011110011111010010101010100110001101101111110011100100100110111101111010111100100
0110101111010011111110110010101011111111010111100011001101011010000100100111101010101101010110111100
0000100100000010001000000000000000000000000000000000000000000000000000000000000000000000000000010000
0000000000000010001000000000000000000000000000000000000000000000000000000000000000000000000000000000
0000000000000000000000000000000000000000000000000000000000000000000000000000000000000000000000000000
0000000000000000000000001100110110100001101001010101111110011001111011100111000000000000000000000000
0000000000000000000000010101010110100001111010110101010010100101000010010101100000000000000000000000
0000000000000000000000011101110101000001111011110110011101000101110100011111000000000000000000000000
0000000000000000000000010100010010110010101011010111010001101111011100101001000000000000000000000000
0000000000000000000000011001100100100010101010010101010000111011110011101111000000000000000000000000
0000000000000000000000000000000000000000000000000000000000000000000000000000000000000000000000000000
0000000000000000000000000000000000000000000000000000000000000000000000000000000000000000000000000000
1001000110000011010000010000001000000000000000100100000000000000000000000000000111001110000001100110
1111111111111111111111111111111111111111111111111111111111111111111111111111111111111111111111111111
1111111111111111111111111111111111111111111110011111111111001111111111011111111111111111111111111111
1111111111111110000011100000000000000000000000000000000000000000000000000000000000000000000000000010
0000000000000000000000000000000000000000000000000000000000000000000000000000000000000000000000000010
0000000000000000000000000000000000000000000000000000000000000000000000000000000000000000000000000000
0000000000000000000000000000000000000000000000000000000000000000000000000000000000000000001000000010
0000000000000000000000000000000000000000000000000000000000000000000000000000000000000000000000100110
0000000000000000000000000000000000000000000000000000000000000000000000000000000000000000000000011010
0000000000000000000000000000000000000000000000000000000000000000000000000000000000000000100000011110
0000000000000000000000000000000000000000000000000000000000000000000000000000000000000000001010011110
0000000000000000000000000000000000000000000000000000000000000000000000000000000000000001000001100010
0000000000000000000000000000000000000000000000000000000000000000000000001100011000100011101100111000
0000000000000000000000000000000000000000000000000000000000000000000000111111111101011000111011100010
0000000000000000000000000000000000000000111100001100111111000000000000000000100011100001001010011110
0000000000000000000000000000000000000001010100010111101011100000000000000000000000000000001101001110
0000000000000000000000000000000000000001000100010011011000100000000000000000000000000000000000000000
0000000000000000000000000000000000000001110111101010011101111000000000000000000000000000000000000000
0000000000000000000000000000000000000000100000101000100100001100000000000000000000000000000000000000
0000000000000000000000000000000000000000100110011001101101110100000000000000000000000000000000000000
0000000000000000000000000000000000000000101110011011001001100100000000000000000000000000000000000000
0000000000000000000000000000000000000000100000110010001000001100000000000000000001000000000000010000
0000000000000000000000000000000000000000111111011100001111110000000000000000000000000000000000011110
0000000000000000000000000000000000000000000000000000000000000000000000000000000000000000010000001110
0000000000000000000000000000000000000000000000000000000000000000000000000000000000010011011010110010
0110011110000000000000000000000000011111011110000110011111011001110000000000000000001111111000010000
1111111110010110110001000000000000110001100011001001110101100110010000000000001010111111101101000000
1111011111111110000000000000000000101100111011001101101101001110011000000000001110100011110000000000
1110011011011101110010000000000001001011101011110101001001010100001000000000000000001101000000000000
0011110111111000100000000000000001011000011000001100011000111101101000000100110000000000000000000000
1110001000000000000000000000000001011111110011001110101010011000001000000000000000000000000000001110
1110000000000000000000000000000001001101110000011101101011010011101000000000000000000000000001110110
0000000000000000000000000000000000100011010000111011001011010110101000000000000000000000000111000000
0000000000000000000000000000000000011110011111101110001100111100011000000000000000000000011100011110
0000000000000000000000000000000000000000000000000000000000000000000000000000000000000011101110011111
0000000000000000000000000000000000000000000000000000000000000000000000000000000000000111111111111110
0000000000000000000000000000000000000000000000000000000000000000000000000011111111111101111111111110
0000000000000000000000000000000000000000000000000000000000000000000000000000000011101001110001001110
0000000000000000000000000000000000000000000000000000000000000000000000000000000000001110010010010010
0000000000000000000000000000000000000000000000000000000000000000000000000000000000000000000000000000
0000000000000000000000000000000110000000000000000000000000000000000000000000000000000010000000000000
0000000000000000000000000000001111110000000000000000000000000000000000000000000000000000000000000000
0000000000000000000000000000011111111000000000000000000000000000000000000000000000000000000000000000
0000000000000000000000000000011110000000000000000000000000000000000000000000000000000000000000000000
0000000000000000000000000000111100000000000000000000000000000001111001000001000100110010000000000000
1000000000000000000000000000111100000000000000011111110000000110010011111000000011000000010000000000
0000000000000000000000000000111000000000000001111111111110000111100100110100011011011000001011010010
0000000000000000000000000000111000000000000011111111111111001111110000000000000010000000000011000000
0000000000000000000000000000111000000000000111111111111111000111111000011001000010110000000000001000
0000000000000000000000000000111100000000011111101111111111100011111000000000000000000000000000000000
0000000010000000000000000000011100000000111111100111110011100000111100000100010000000001000100000000
0000000000000000000000000000011110000001111111111111111111000000011100000000000100010000000000000000
0000000000000000000000000000001111000011111111111111111111000000111100000001000000000000000100000010
0000000000000000000000000000001111000111111111111111111111000001111100000000000000000000000000000000
0000000000000000000000000000000111101111111111111111111110000001111000000000000000000000000000000000
0000000000000000000000000000000011111111111111111111111100000111111000000000000000000000000000000000
0000000000000000000000000000000011111111111111111111110000001111110000000000000001000000010000010000
0000000000000000000000000000000011111111111110100110110001111111100000000000000000000000000000000000
0000000000000000000000000110000001111111111100100001111111111111000000000000000000000000000000001000
0000000000000000000000111000000001111111111110111000111111111100000000000000000000000000000100000000
0000000000000000000000111000000011111111111110110100111111111000000000000000000000000000010000000000
0000000000000000001111110010001011111111111100001100111111100000000000000000010000000000000000000000
0000000000000000110101110010000011111111111111111111111110000000000000000000000000000000000000000000
0000000000000011110010100000000111111111111111111111111100000000000000000000000000000000000000000000
0000000000001110101010110000010110110101010100011001100010100110001000000000000000000000000000000000
0000000001101100010000000000010000101001000101000010101111000010101010000100000001000000100001000110
0000010111001110000010000000010000100001000100010110100010101010001000000000000000000010000000001000
0001101000110000000100000000000000100100001000110110101000110100101000000000000000000000000000001100
0100110100111100011110000000101010101000001000010001000011000100001000000000000000000000000000000010
0000110111100000000000000000011111110111010100011111111000110011110000000000000000000000000000000000
0000000001000000000110000000001111100000000000001111110000000000000000000000000000000010000000000000
0111100011001100110000000000011111100000000000001111110000000000000000000000000010001000000000000000
1111000101001110000110000000001111100000000000001111110000000000000000100000000000001000000000100100
0000000000000101000000000000001111000000000000001111110000000000000000000000000000010000000010000010
0011100010010000010101000000011111000000000000000111110000000000000000000000000000000000000000011110
0000000001000000000000000000011111000000000000000111110000000000000000000000000000000000000000010000
1011000000001000000000000000111110000000000000000111110000000000000001000000000000000000000010010010
1000000010000000000000000000111110000000000000000011110000000000000000001000000010000000100001000100
0000000000000010000000000000111110000000000000000011110000000000000000000000000000000000010000100100
0100010000000000001000000000111110000000000000000001110000000000000000000000000000000000000001000000
0000000000000010000000100000011110000000000000000001111110000000000000010000000000000000000000000000
0000000000000000000100000000011111110000000000000001111111000000000000100100000000000000100100000000
0000000000001010000000000000001111100001001101000001111110000001000010100000000000101000000000000010
0000000000000000000000000000000001101100001010000010000000000000010000000000000001001000000001100000

