0111000000000000000000000001111111111011111111000000000000000000000000000000000000000000000000000000
0111000000000000111111111111111111111111111111111111111111111111111111100000000000000000000000000000
0110100000000000111101011100000000001000000001000000000000000000000000110000000000000000000000000000
0111100000000001001111111100000000001000000111111111111111111111111111111000000000000000000000000000
1111110000001111111111111111111111111111111101111111111111111111111111111100000000000000000000000000
1100011111111100111111010100000000000000001110000001111111111111111111111111110000000000000000000000
1100011111111100111111110100000000000000001111111111000000000000010011110100011111111111111110000000
0111111111111111111111111100000000000000001100000000100000100000000010110100000000000000000111111111
0011111111111111111111111111111111111110001111111111000010000010000011111000000000000000000000000001
0000000000000000000000000000000000000011111011111011111110111111111111111000000000000000000000000001
0000000000000000000000000000000000000000000000001011111110100011111111111111000000000000000000000001
0000000000000000000000000000000000000000000000001001111111100011000000010001111000000000000000000011
0000000000000000000000000000000000000000000000001111111111111111110000100000001111000000000000000011
0000000000000000000000000000000000000000000000010111111111111111110000110000000001111000000000000011
0000000000000000000000000000000000000000000000010111111100000000011000010000000000001111000000000010
0000000000000000000000000000000000000000000000111111111100000000001000010000000000000001111000000010
0000000000000000000000000000000000000000000000100111011000000000001100001000000000000000000111000010
0000000000000000000000000000000000000000000001011111111000000000000100001000000000000000000001111110
0000000000000000000000000000000000000000000011101111110000000000000100001000000000000000000000001100
0000000000000000000000000000000000000000000111011101110000000000000110001000000000000000000000000000
0000000000000000000000000000000000000000001101111111100000000000000011111000000000000000000000000000
0000000000000000000000000000000000000000011011111111000000000000000001100000000000000000000000000000
0000000000000000000000000000000000000000111111111111000000000000000000000000000000000000000000000000
0000000000000000000000000000000000000000111111101110000000000000000000000000000000000000000000000000
0000000000000000000000000000000000000000111111111100000000000000000000000000000000000000000000000000
0000000000000000000000000000000000000000011111111000000000000000000000000000000000000000000000000000
0000000000000000000000000000000000000000001111110000000000000000000000000000000000000000000000000000
0000000000000000000000000000000000000000001111100000000000000000000000000000000000000000000000000000
0000000000000000000000000000000000000000000111000000000000000000000000000000000000000000000000000000

