0000000000000000000000000000100000000000010010000100100001000000000100000000000000000000000000000000
0000000000000000000000000000100000000010010010001000000001001010000000000000000000000000000000000000
0000000000000000000000000000100000000000010010001000000101001010000000001000000000000000000000000000
0000000000000000000000000000110000000000010001001000001101000010000000000000000000000000000000000000
0000000000000000000000000000100000000000011011000000111011000010000000000000000000000000000000000000
0100011000000000000000000000100000000001110011100011101111101010000000000010000000000000010000000000
0110110000000000000000000000100000000001010000001100111111101000000000000000000000000000000000000000
1111000000000000000000000000100000000001010001100001110001000000000010000000000000000000000000000000
1111000000000000000000000000110000000000010110001111100001001000000000000000000000000000000000000000
1111111100000000000000000001111000000001010000111110000101001000000000000000000000000000000000000000
0001100010000000000000000001101000000000110001111000100001001010000000000000000000000000000000000000
0111000001000000000000000001101000000000010110101001100111001110110000000000000000000000100000000000
0110000000000000000000000001101000000000010011001000000101001010110100000000000000000010000000000000
0100100000000000000000000001100000000001010010001000000101001010110000000000000000000000000000000000
0100000000000000000000000001010000000001010011001001100101100000010000000000000000000000000000000000
1110100000000000000010000001111000000001010011101001101110000011110000000000000000000000000000000000
0110000000000000001011110001110000000000010011001110000000011100010000000000000000000000000000001000
0110000000000000000001101001100000000010010011110000100101011000110000000000000000000000000000000000
0010000000000000011001111001100000000011010010000000111111100000110000000000000000000000000000000000
1010001000000000110000000001110000000011010110001111000100101001110000000000000000000000000000000000
1111011000000000100110000001100000000010010000011000000101000000110000000000000000000010000000000000
1111111111100000000000000100000000000010011011111000101100000000010000000000000000000001000000000000
1011111111110000000000000100000000000010010011001000000000000001010000000000000000000000000000000000
0001010011111100000000000000000000000011110010001000000000000001110000000000000000000000000000000000
0110000000011110000000000000000000000010110010001000000000001111110000000000000000000000000000000000
0111000000000110000000110100000000000010110010001000000100001000010000000000000000000000000000000000
0110000001101110000000001100000000000010110010001000000000001000110000000000000000000000000000000000
0111000000101110001000000000000000000010110010001000000100001000110000000000000000000000000000000000
0111000000101010000000000000000000000010110010001000000100001011110000000000000000000000001000000000
0001000001100111111100010000000001000010110010001000000101111000110000000000000000000000000000000000
0000000000010000001011111111111111100010110010001000000100000000110000000000000000000000000000000000
0000000000000011111111111111111110100010110001001000000000001000110000000000000000000000000000000000
0000000000001100000001000100000000000010110011100000000011110011110000000000000000000000000000000000
0000000000000100000001000100001000000010110011100011111110000001110000000000000000000000000000000000
0000000000000000111001000110001010000011001010001011001101101111110000000000000000000000000000000000
1000000000000001100001000110001000000001000000000111010000010011110000000000000000000000000011111111
0000000000000001111111111111111110111100000000001010011111101011110000000000000000011111111111000000
0000000000000001110001000100001000111111010000011010010100001000110000000011111111111100000000000000
0000000000000000010001000100001000111001010010001010000100001000110000000011110000000000100000000011
1100000000000001100001000100001000111100100000000010010000001001110000000000000000001001011111111111
0000000010000001100001000110001000110110010010000010010000111011110000000011000011001001001110011111
0000000000000011111101111111111110110010010010000011110000101000110000000000000111111110111100100000
0000000000000001111011000110111110011010010010000010010000101101111111111111111111111100100001100000
0000000000000000000001000100001000100010010010000011110001000111110001110001111000001011100011100000
0000000000000111110000000100001000111000010010001010010011101111110001110001111000000101100101110011
0100100000000001111110000110101000110000010010000010010000000010000110000000000111100100001000000000
0000100000000011011101110100001000100100110010000011110000000010000100000000000011100100001000000000
0000111111110111110010000000111110000000010010001010010000000110111111101100000001100100001000000000
0100000001000111100010001010000000100010110010000010110100000110000001111100100001100111100111111100
0100101010000101000000101000110000100000110010001010010100000110111100000000000101100111110111111111
1100111011011011000011101010110000111110110010001010011100000110001100001100111001100110000101111111
1100110011010011000101100010111000111111111111001010010100000110111100001110000001100100010000101111
0000110011110011000111100010011111111111111111111111110100000110000000000000000001100100010000101110
0000110011010011000111100011011110000011111111111111111111110110000000000000000001100100011000111100
0000110011110011000011100010011010000000000011111111111111110010010000000000000001100100011001111100
1110110011110011000010000011011010010100000000000000111111110010000000011000000001100100011001111100
0000110011110011000011010010011110011100000000000000000001010010000000000000001001100100011001111100
1000110011010011000011010010011110011100000000000000000010000010000000000000000001100100011101111000
0000110011010011000011010010011111011100000000000000000110000010000000011010000001100000001101111000
0000110011110011000011000011110111111111110000000000000110000010000000000100000001100100001101111000
1110100011110011000001101100010000011111111111111110000110000010010000010010000001100100001101111000
0011111000000111000001110101110000010110000000111111111110000010000000000000000001100100001100110001
0001110111100001000011011010011000000011100000000000000001000010000000000100000001111100001110110001
0000110000001111000111110001000000110000111111110000000001000010001110110110000001100100001110110001
0000110001001101011110001111111000111100001110000000000001000010011010010110000001100000001110110001
0000001111010100100011111100011110001110000111100000000001100010001010010111000001011000011110110001
0000111111110100000111100000000001111111100011111100000110000010010011110111100001101000011110110001
0000000111111101111111000000000000101101111000111111000111000010000011000011110001110000011110110001
0000000000011111111000000000010000110110111111111111010011101110011011010111010001100000011110110001
0000000000000111111111111100000000011011011110100011111000001111100011001001110001000100010010110001
0000000000000000111111111111100100011000100000001001111000010000000011110011000001100100010000110001
0000000000000000000001111111111100001100010000011100011111110011100011001000111001100100010000110001
0000000000000000000000000000001000001100011000011111000111001011100111111011111111100100000001110011
0000000000000000000000000000010000000100011000111011100001111001000110000110000111100111000001110001
0000000000000000000000000000010000000110110001111001111000011111100111100110111111110101100001110000
0000000000000000000000000000010000000110110001110000110110000100001010111110110000010100110001110000
0000000000000000000000000000010000000010110011100100111001000011001111111110110000000100000001110000
0000010000000000000000100000110000000011110011100100110110010001001111100110010100110110000001110100
0000000000000000000000000000111000000001110011100011100111101100000000011111000110011111000001110110
1000000000000000000000000000110000000001110011100001000011110011000001011111110110000111100011101010
1110000000000000001000000000110101000000011001100000000000111101011100111111111111000011100010101001
1110000000000000010000000001110000000000001011100000000000001111111000001000000111000011110010001000
1111000000000000000000000001100000000100000011100110000000000111101111100010000011110001110010001100
0110000000000000000000000001000000011000000111001011000100010011110111111000000011011000010011001011
0110000000000010000000000010000000000001000011000111100100000000111111111110000000011100000011100100
0110000000000000000000000011111110000000000001100001001100000100011110000011111111111111111000110000
0110000000001000000000000110000011000000000000100100101100000010010001110000000000000000000000011010
0110000000010000000000000100000001100000000000010100001100000001111000000000000000000111111111011100
0110000000000000000000001100000010011000000000000100101110000000011000111111111111111111111111011110
1100011000000000000000001010001010001100000000001000101111000000001111111111111111111111111111001111
1100011100000000000000001010000010000110000001000000101111110000000111111111111111111101111111101111
1000011100000000000000011111000010000011000000100000100111110100000001111101111111111111111111000011
1000011100000000000000010110000111000001100000100000100100011100000000000111111111111110000000001110
0000011100000000000000110100000110000000010010001000100100011110000000000111100000000000000010000010
0000001100000000000000100000000101000000001001000000100100000111100000001110000011000111110011000001
0000001100000000000001100000000110000000000110000100101100000011100000011110011110110000111111110000
0000001100000000000011000000000001100000000011100100010100000011110000111110011001000000001101110000
0000001100000000000111000000000001100000000001000110100000000000110000111100111110000111110111111111
0000001100000000001110000000000000100000000001100101010010000000111000110001110000011111011000101101
0000001100000000011100000000000000100000000000100101000010000000001110000001101000111010011101111111

