0000000000000000000000000000000000000000000000000000000000000000000000000000000000000000000000000000
0000000000000000000000000000000000000000000000000000000000000000000000000000000000000000000000000000
0000000000000000000000000000000000000000000000000000000000000000000000000000000000000000000000000000
0000000000000000000000000000000000000000000000000000000111011000000000000000000000000000000000000000
0000000000000000000000000000000000000000000000000000000111111100000000000000000000000000000000000000
0000000000000000000000000000000000000000000001111000000011011000000000000000000000000000000000000000
0000000000000000000000000000000000000001111111111000000001110000000000000000000000000000000000000000
0000000000000000000000000000000000000001111110011000000011110000000000000000000000000000000000000000
0000000000000000000000000000000000000000111100001000000011110000000000000000000000000000000000000000
0000000000000000000000000000000000000000011100110000000111110000000000100000000000000000000000000000
0000000000000000000000000000000000000000011100110000000111110000000000111000000000000000000000000000
0000000000000000000000000000111100000000011111111000001101110000000000011100000000000000000000000000
0000000000000000000000000001111110000000011111111000001101111000000000111110000000000000000000000000
0000000000000000000000000011111111000000011110011000011111111000000000111110000000000000000000000000
0000000000000000000000001110001111000000011110000000111111111000000001111000000000000000000000000000
0000000000000000000000011111000111000000001110000000110000111000000011110000000000000000000000000000
0000000000000000000000011111100110000000001110000001110000111000000011110000000000000000000000000000
0000000000000000000000000111101111100000001111100111111000111100000111100000000000000000000000000000
0000000000000000000000000011111111111000011111100001011001111100000111000000000000000000000000000000
0000000000000000000000000011111011111111011110000000000001111110001111000000000000110000000000000000
0000000000000000000000000001111000111111000000000000000000000000111110000000000000111000000000000000
0000000000000000000000000000111100011100000000000000000000000000111110000000000001111000000000000000
0000000000000110000000000000111100000000000000000000000000000000001110001100000011111100000000000000
0000000000000111000000000000011111100000000000000000000000000000000011111100000111111100000000000000
0000000000000110000000000000001111000000000000000000000000000000000001111000001111100000000000000000
0000000000011101110000000000011100000000000000000000000000000000000000110000011111000000000000000000
0000000000011111111111100000011000000000000000000000000000000000000000000101111110000000000000000000
0000000000011001111111111111100000000000000000000000000000000000000000000111111000000000000000000000
0000000000000001111111111111000000000000000000000000000000000000000000000011110000000000000000000000
0000000000000000111011111111000000000000000000000000000000000000000000000011100000000000000000000000
0000000000000000011111000110000000000000000000000000000000000000000000000001110000000000000000000000
0000000000000000001110000110000000011111111111111111111111111111111100000000111110000000000000000000
0000000000000000001110000100000000111111111111111111111111111111111110000000011111000000000000000000
0000000000000000000111000000000000111111111111111111111111111111111100000000001110000000000000000000
0000000000000000000011111000000000111111111111111111111111111111111100000000001110000000000000000000
0000000000000000000001110000000000111111111111111111111111111111111100000000000111111111000000000000
0000000001100000000001100000000000111111111111111111111111111111111100000000000111111111111111000000
0000000001100000000001100000000000111111111111111111111111111111111100000000000111001111111111000000
0000000001111100000001000000000000111111111111011111111111111111111100000000000011000111111110000000
0000000011111111110000000000000000111111111110000111111111111111111100000000000000000111111100000000
0000000011111111111110000000000000111111111100000001111111111111111110000000000000000111110000000000
0000000011011111111111100000000000111111111000000000111111111111111100000000000001101111100000000000
0000000000000000111111110000000000111111110000000011111111111111111100000000000001111111000000000000
0000000000000000000111111000000000111111110000000111111111111111111100000000000001111110000000000000
0000000000000000000000011000000000111111100000000111111111111111111100000000000000111000000000000000
0000000000000000000000011000000000111111100000001111111111111111111100000000000000110000000000000000
0000000000000000000000011100000000111111100000001111111111111111111100000000000000010000000000000000
0000000000000000000000011100000000111111100000000000000000001111111100000000000000000000000000000000
0000000000000000000000001000000000111111000000000000000000000011111100000000000000000000000000000000
0000000000000000000000000000000000111111000000000000000000000001111100000000000000000000000000000000
0000000000000010000000000000000000111111000000000000000000000000111100000000000000000000000000000000
0000000000000111000000000000000000111111100000000000000000000000111100000000000000000001110000000000
0000000000001111100000000000000000111100000000000000000000000001111100000000000000000001111000000000
0000000000001111100000000000000000111101110000000000000000000001111100000000000000000011111000000000
0000000000000111000000000000000000111111111000000000000000000001111100000000000000000001110000000000
0000000000000010000000000000000000111111111110000000000000000011111100000000000000000000100000000000
0000000000000000000000000000000000111111111111011111111111111101111100000000000000000000000000000000
0000000000000000000000000000000000111111111111011111111111111111111100000000000000000000000000000000
0000000000000000000000000000000000111110111111111111111110111111111100000000000000000000000000000000
0000000000000000000010000000000000011111111111111111111111111111111100000000000001100000000000000000
0000000000000000000011000000000000011111111111111111111111111111111100000000000001100000000000000000
0000000000000000000111000000000000011111111111111111111111111111111000000000000001100000000000000000
0000000000000000001111100000000000001111111111111111111111111101111000000000000011111000000000000000
0000000000000000111111100000000000001111111111111111111111111111110000000000000010011110000000000000
0000000000000011111111110000000000000111111111111111111111111111110000000000000000001111100000000000
0000000001101111111000000000000000000011111111111111111111111111100000000000000000000001111000000000
0000000000111111111110011000000000000011111111111111111111111111000000000000000001111111111100000000
0000000000111111111111111000000000000001111111111111111111111110000000000000011111111111111110000000
0000000000011100111011111100000000000000111111111111111111111100000000000000011111111111111000000000
0000000000011001111000001100000000000000001111111111111111111000000000000000111111111000000000000000
0000000000001001110000000100000000000000000111111111111111100000000000000000111110000000000000000000
0000000000000011110000000000000000000000000001111111111110000000000000000001100111100000000000000000
0000000000000011100000001111100000000000000000000001000000000000000000000011000001111000000000000000
0000000000000111100000011111111000000000000000000000000000000000000000000111000000011111100000000000
0000000000000011000001111111111100000000000000000000000000000000000000001111100000001111100000000000
0000000000000011000001111100001100000000000000000000000000000000000000001001100000000011100000000000
0000000000000001000011110000001110000000000000000000000000000000000001100001110000000011000000000000
0000000000000000000011110000000110000000000000000000000000000000000011100000111000000010000000000000
0000000000000000000111100000001111000000000000000000000000000000001111100000011100000000000000000000
0000000000000000000011100000001111001110000000000000000000000000101111110000001100000000000000000000
0000000000000000000011100000001111001111000000000000000000000111110011111000000110000000000000000000
0000000000000000000011100000011110000111100000000000000000000111100001111100000110000000000000000000
0000000000000000000011100000111110001111100001111000111100000111100000111100000110000000000000000000
0000000000000000000001110001111100001111100011111101111110000111100000011110000110000000000000000000
0000000000000000000000111111111000011111100011111000011111001111110000011111111110000000000000000000
0000000000000000000000011111110000011011100111110000011111001111110000001111111100000000000000000000
0000000000000000000000000000000000011011101111110000011111101101110000000111111000000000000000000000
0000000000000000000000000000000000110011101111110000011111101101111000000001100000000000000000000000
0000000000000000000000000000000000110011111011110000011011111100111000000000000000000000000000000000
0000000000000000000000000000000001110011111011110000011101111100111100000000000000000000000000000000
0000000000000000000000000000000111100011110011100000001101111100111100000000000000000000000000000000
0000000000000000000000000000000011110011100011100000001100111100011111000000000000000000000000000000
0000000000000000000000000000000000110011100011100000001100011100111110000000000000000000000000000000
0000000000000000000000000000000000000011001111100000001100011100110000000000000000000000000000000000
0000000000000000000000000000000000000000001111110000011111001000000000000000000000000000000000000000
0000000000000000000000000000000000000000000001110000111110000000000000000000000000000000000000000000
0000000000000000000000000000000000000000000000000000000000000000000000000000000000000000000000000000
0000000000000000000000000000000000000000000000000000000000000000000000000000000000000000000000000000
0000000000000000000000000000000000000000000000000000000000000000000000000000000000000000000000000000
0000000000000000000000000000000000000000000000000000000000000000000000000000000000000000000000000000

