0000000000000000000000000000000000000000000000000000000000000000000000000000000000000000000000000000
0000000000000000000000000000000000000000000000000000000000000000000000000000000000000000000000000000
0000000000000000000000000000000000000000000000000000000000000000000000000000000000000000000000000000
0000000000000000000000000000000000000000000000000000000000000000000000000000000000000000000000000000
0000000000000000000000000000000000000000000000000000000000000000000000000000000000000000000000000000
0000000000000000000000000000000000000000000000001111000000000000000000000000000000000000000000000000
0000000000000000000000000000000000000000000000001111000000000000000000000000000000000000000000000000
0000000000000000000000000000000000000000000000011111100000000000000000000000000000000000000000000000
0000000000000000000000000000000000000000000000111111110000000000000000000000000000000000000000000000
0000000000000000000000000000000000000000000000111111110000000000000000000000000000000000000000000000
0000000000000000000000000000000000000000000001111111111000000000000000000000000000000000000000000000
0000000000000000000000000000000000000000000001111111111000000000000000000000000000000000000000000000
0000000000000000000000000000000000000000000011111111111100000000000000000000000000000000000000000000
0000000000000000000000000000000000000000000111111111111110000000000000000000000000000000000000000000
0000000000000000000000000000000000000000000111111001111110000000000000000000000000000000000000000000
0000000000000000000000000000000000000000001111111001111111000000000000000000000000000000000000000000
0000000000000000000000000000000000000000001111110000111111000000000000000000000000000000000000000000
0000000000000000000000000000000000000000011111100000011111100000000000000000000000000000000000000000
0000000000000000000000000000000000000000111111100000011111110000000000000000000000000000000000000000
0000000000000000000000000000000000000000111111000000001111110000000000000000000000000000000000000000
0000000000000000000000000000000000000001111111000000001111111000000000000000000000000000000000000000
0000000000000000000000000000000000000001111110000000000111111000000000000000000000000000000000000000
0000000000000000000000000000000000000011111110000000000111111100000000000000000000000000000000000000
0000000000000000000000000000000000000111111100000000000011111100000000000000000000000000000000000000
0000000000000000000000000000000000000111111000000000000001111110000000000000000000000000000000000000
0000000000000000000000000000000000001111111000000000000001111111000000000000000000000000000000000000
0000000000000000000000000000000000001111110000000000000000111111000000000000000000000000000000000000
0000000000000000000000000000000000011111110000000000000000111111100000000000000000000000000000000000
0000000000000000000000000000000000011111100000000000000000011111100000000000000000000000000000000000
0000000000000000000000000000000000111111000000000000000000001111110000000000000000000000000000000000
0000000000000000000000000000000001111111000000000000000000001111111000000000000000000000000000000000
0000000000000000000000000000000001111110000000000000000000000111111000000000000000000000000000000000
0000000000000000000000000000000011111110000000000000000000000111111100000000000000000000000000000000
0000000000000000000000000000000011111100000000000000000000000011111100000000000000000000000000000000
0000000000000000000000000000000111111000000000000000000000000001111110000000000000000000000000000000
0000000000000000000000000000001111111000000000000000000000000001111111000000000000000000000000000000
0000000000000000000000000000001111110000000000000000000000000000111111000000000000000000000000000000
0000000000000000000000000000011111110000000000000000000000000000111111100000000000000000000000000000
0000000000000000000000000000011111100000000000000000000000000000011111100000000000000000000000000000
0000000000000000000000000000111111000000100000000000000000010000011111110000000000000000000000000000
0000000000000000000000000001111111000001110000000000000000111000001111111000000000000000000000000000
0000000000000000000000000001111110000011111000000000000001111100000111111000000000000000000000000000
0000000000000000000000000011111110000111111000000000000001111110000111111100000000000000000000000000
0000000000000000000000000011111100001111111100000000000011111111000011111100000000000000000000000000
0000000000000000000000000111111100011111111100000000000011111111100011111110000000000000000000000000
0000000000000000000000001111111000111111111110000000000111111111110001111110000000000000000000000000
0000000000000000000000001111110000111111111110000000000111111111110000111111000000000000000000000000
0000000000000000000000011111110001111111111111000000001111111111111000111111100000000000000000000000
0000000000000000000000011111100001111111111111100000011111111111111000011111100000000000000000000000
0000000000000000000000111111100001111111111111100000011111111111111000011111110000000000000000000000
0000000000000000000000111111000011111111111111000000001111111111111100001111110000000000000000000000
0000000000000000000001111110000011111111111110001111000111111111111100000111111000000000000000000000
0000000000000000000011111110000011111111111110011111100111111111111100000111111100000000000000000000
0000000000000000000011111100000011111111111100111111110011111111111100000011111100000000000000000000
0000000000000000000111111100000011111111111100111111110011111111111100000011111110000000000000000000
0000000000000000000111111000000000000000000000111111110000000000000000000001111110000000000000000000
0000000000000000001111111000000000000000000000011111100000000000000000000000111111000000000000000000
0000000000000000011111110000000000000000000000001111000000000000000000000000111111100000000000000000
0000000000000000011111100000000000000000000000000000000000000000000000000000011111100000000000000000
0000000000000000111111100000000000000000000000000000000000000000000000000000011111110000000000000000
0000000000000000111111000000000000000000000000111111110000000000000000000000001111110000000000000000
0000000000000001111111000000000000000000000000111111110000000000000000000000001111111000000000000000
0000000000000001111110000000000000000000000001111111111000000000000000000000000111111000000000000000
0000000000000011111100000000000000000000000001111111111000000000000000000000000011111100000000000000
0000000000000111111100000000000000000000000011111111111100000000000000000000000011111110000000000000
0000000000000111111000000000000000000000000111111111111110000000000000000000000001111110000000000000
0000000000001111111000000000000000000000000111111111111110000000000000000000000001111111000000000000
0000000000001111110000000000000000000000001111111111111111000000000000000000000000111111000000000000
0000000000011111100000000000000000000000001111111111111111000000000000000000000000011111100000000000
0000000000111111100000000000000000000000011111111111111111100000000000000000000000011111110000000000
0000000000111111000000000000000000000000001111111111111111000000000000000000000000001111110000000000
0000000001111111000000000000000000000000000011111111111100000000000000000000000000001111111000000000
0000000001111110000000000000000000000000000000000000000000000000000000000000000000000111111000000000
0000000011111100000000000000000000000000000000000000000000000000000000000000000000000111111100000000
0000000111111100000000000000000000000000000000000000000000000000000000000000000000000011111110000000
0000000111111000000000000000000000000000000000000000000000000000000000000000000000000001111110000000
0000001111111111111111111111111111111111111111111111111111111111111111111111111111111111111111000000
0000001111111111111111111111111111111111111111111111111111111111111111111111111111111111111111000000
0000011111111111111111111111111111111111111111111111111111111111111111111111111111111111111111100000
0000011111111111111111111111111111111111111111111111111111111111111111111111111111111111111111100000
0000011111111111111111111111111111111111111111111111111111111111111111111111111111111111111111100000
0000001111111111111111111111111111111111111111111111111111111111111111111111111111111111111111000000
0000000000000000000000000000000000000000000000000000000000000000000000000000000000000000000000000000
0000000000000000000000000000000000000000000000000000000000000000000000000000000000000000000000000000
0000000000000000000000000000000000000000000000000000000000000000000000000000000000000000000000000000

