0000000000000000000000000000000000000000000000000000000000000000000000000000000000000000000000000000
0000000000000000000000001111100000000000000000000000000000000000000000000000000000000000000000000000
0000000000000000000000110000010000000000000000000000000000000000000000000000000000000000000000000000
0000000000000000000001011111001000000000000000000000000000000000000000000000000000000000000000000000
0000000000000000000010110000100100000000000000000000000000000000000000000000000000000000000000000000
0000000000000000000101101000100100000000000000000000000000000000000000000000000000000000000000000000
0000000000000000000101001000100100000000000000000000000000000000000000000000000000000000000000000000
0000000000000000001011000111000100000000000000000000000000000000000000000000000000000000000000000000
0000000000000000001010100000001100000000011111100011100111100011110000001111111111000000000000000000
0000000000000000010010000000011000000000110001100100010101101100001000110000000110000000000000000000
0000000000000000010010100000110000000001101110110100101001001011000100101000100100000000000000000000
0000000000000000010010111111101000000001010000101100101011010100101100101001001100000000000000000000
0000000000000000010001000000101000000010110010100100000010010001101001011001001000000000000000000000
0000000000000000010001100001010000000010100100100100110010011010111101010011001000000000000000000000
0000000000000000011000011110110000000110100101001001000101010011100011010010011100000000000000000000
0000000000000000001000000000100000000100011001001011000011010010000010100010000100000000000000000000
0000000000000000000100000011000000000010001001010010100010011000010000100110001000000000000000000000
0000000000000000000111111110000000000011110010011110011100001111111111001101111000000000000000000000
0000000000000000000010000000000000000101100010000000000010000000000110000000100000000000000000000000
0000000000000000000000000000000000011011010010000000000000000000000000000000000000000000000000000000
0000000000000000000000000000000000010011100100000000000000000000000000000000000000000000000000000000
0000000000000000000000000000000000010000001100000000000000000000000000000000000000000000000000000000
0000000000000000000000000000000000001100111000000000000000000000000000000000000000000000000000000000
0000000000000000000000000000000000000111110000000000000000000000000000000000000000000000000000000000
0000000000000000000000000000000000000000000000000000000000000000000000000000000000000000000000000000
0000000000000000000000000000000000000000000000000000000000000000000000000000000000000000000000000000
0000000000000000000000000000000000000000000000000000000000000000000000000000000000000000000000000000
0000000000000000000000000000000000000000000000000000000000000000000000000000000000000000000000011100
0000000000000000000000000000000000111000000000000000000000000000000000000000000000000000000001101000
0000000000000000000000000000000111110000000000000000000000000000000000000000000000000000000010010000
0000000000000000000000000000000100100000000000000000000000000000000000000000000000000000000010010000
0000000000000000000000000000000101100000000000000000000000000000000000000000000000000000000010110000
0000000000000000000000000000000101000000000000000000000000000000000000000000000000000000000010100000
0000000000000000000000000000001101000000000000000000000000000000000000000000000000000000000100100000
0000011111111000001111000011101011111100011111000001111000011100111100110011110001111111000101100000
0000001000001100111000100100011010001000100001100110000100100100101101001010010011000011100101000000
0000001001100101110110100111010010111001011110101111100100100101001011001010110110111111101001000000
0000011010010101001000010100010111101010110100101010010101100111010011001010100100101001001010000000
0000010110010100010001010111000001000110100101011100100100100000010010010100100100101011001110000000
0000010100010100010011101101100110011101100101010111011110100100010001010100101010010010011100000000
0000111100100100010010111001100110011101001001010001110101001000111010010001111111110011000000000000
0000101011001010001101100010101100001000010011001011001101010000011010001000101000100001011100000000
0000101000011001000001000010001010001000010010001000001000010100110010011000101001000010100100000000
0001010111110000111110011101111001110010110010000111110011110011100011110111001111011110111100000000
0001010011000000011100000000000000000111100110000001000010010001000001100010000000001100011000000000
0001010000000000000000000000000000011010010100000000000000000000000000000000000000000000000000000000
0010010000000000000000000000000000100111100100000000000000000000000000000000000000000000000000000000
0100100000000000000000000000000000110100001000000000000000000000000000000000000000000000000000000000
0111100000000000000000000000000000011000111000000000000000000000000000000000000000000000000000000000
0111100000000000000000000000000000001111100000000000000000000000000000000000000000000000000000000000
0000000000000000000000000000000000000000000000000000000000000000000000000000000000000000000000000000
0000000000000000000000000000000000000000000000000000000000000000000000000000000000000000000000000000
2
