000000000000000000000000000000000000000000000000000001111111110000000000000000000000000000000000000
000000000000000000000000000000000000000000000001111111111111111110000000000000000000000000000000000
000000000000000000000000000000000000000000111111111000000000001111100000000000000000000000000000000
000000000000000000000000000000000000000111111100000000000000000011110000000000000000000000000000000
000000000000000000000000000000000000111111000000000000000000000000111100000000000000000000000000000
000000000000000000000000000000000011111000000000000000000000000000011110000000000000000000000000000
000000000000000000000000000000011111100000000000000000000000000000000111000000000000000000000000000
000000000000000000000000000011111010000000000000000000000000000000000011100000000000000000000000000
000000000000000000000000000111000000000000000000000000000000000000000001111000000000000000000000000
000000000000000000000000001110000000000000000000000000000000000000000000011100000000000000000000000
000000000000000000000000011100000000000000000000000000000000000000000000001110000000000000000000000
000000000000000000000000111000000000000000000000000000000000000000000000000110000000000000000000000
000000000000000000000001110000000000000000000000000000000000000000000000000111000000000000000000000
000000000000000000000011100000000000000000000000000000000000000000000000000111100000000000000000000
000000000000000000000111000000000000000000000000000000000000000000000000000011110000000000000000000
000000000000000000001110000000000000000000000000000000000000000000000000000001110000000000000000000
000000000000000000011100000000000000000000000000000000000000000000100000000000111000000000000000000
000000000000000000111000000000000000000000000000000000000000000111111110000000111100000000000000000
000000000000000000110000000000000000000000000000000000000000001100100111000000111110000000000000000
000000000000000001100000000000000000000000000000000000000000001111100001100000111110000000000000000
000000000000000011100000000000000000000000000000000000000000001110000000110000010111000000000000000
000000000000000111000000000000000000000000000000000000000000011100000000011000000011100000000000000
000000000000001110000000000000000000000000000000000000000000110000000000011100001001100000000000000
000000000000011100000000000000000000000000000000000000000001100000000011111110001101100000000000000
000000000000111000000000000000000000000000000000000000000011000000000111111111000110110000000000000
000000000000110000000000000000000000000000000000000000000110000000000111111111000110110000000000000
000000000001110000000000000000000000000000000000000000001100000000001111111111100011110000000000000
000000100011100000000000000000000000000000000000000000011100000000001111111110110001111000000000000
000000100111000000000000000000000000000000000000000000111000000000000111111111011001111000000000000
000000101110000000000000000000000000000000000000000000110000000000000111111111011000111000000000000
000000101100000000000000011110000000000000000000000000110000000000000001111110001100011100000000000
000000111000000000000011111111111000000000000000000001100000000000000000000000000110011100000000000
000000110000000000001111100001111110000000000000000001100000000000000000000000000110001110000000000
000000110000000000011100000000011111100000000000000001100000000000000000000000000111001110000000000
000001100000000000110000000000000111110000000000000001100000000000000000000000000011000111000000000
000011100000000011100000000000000011111000000000000001110000000000000000000000000011000111100000000
000011100000000011000000000000000001111100000000000000110000000000000000000000000001100111100000000
000011100000000110000000000000000000100010000000000000111000000000000000000000000001100011110000000
000111100000000111110000000000000000110011000000000000011000000000000000000000000001100011111000000
010111100000001111111000000000000000011011000000000000001100000000000000000000000001100001111000000
110001100000001111111100000000000000001011000000000000001110000000000000000000000001100001101100000
110001000000001111111110000000000000000011000000000000000111000000000000000000000001100001101100000
110001000000001111111110000000000000000010000000000000000011100000000000000000000011000000100110000
110011000000011111111100000000000000000110000000000000000001110000000000000000000011000000110110000
110010000000011111111100000000000000000110000000000000000000111100000000000000000110000000110110000
010110000000001111110000000000000000001100000000000000000000001111100000000000011100000000011011000
010110000000001100000000000000000000011000000000000000000000000011111111111111111000000000011011000
010100000000001100000000000000000000011000000000000000000000000000001111111111100000000000011011000
010100000000000100000000000000000000110000000000000000000000000000000000000000000000000000001101000
110100000000000110000000000000000001100000000000000000000000000000000000000000000000000000001101000
110100000000000110000000000000000011100000000000000000000000000000000000000000000000000000001101000
110100000000000110000000000000000011000000000000000000000000000000000000000000000000000000001111000
110100000000000110000000000000000110000000000000000000000000000000000000000000000000000000000111000
110100000000000010000000000000001100000000000000000000000000000000000000000000000000000000000111000
110100000000000011000000000000011000000000000000000000000000000000000000000000000000000000000111000
110100000000000001100000000000110000000000000000000000000000000000000000000000000000000000000111000
111100000000000000111100000011100000000000000000000000000000000000000000000000000000000000000011000
111100000000000000011111111111000000000000000000000000000000000000000000000000000000000000000011000
101100000000000000000011111100000000000000000000000000000000000000000000000000000000000000000011000
101100000000000000000000000000000000000000000000000000000000000000000000000000000000000000000011100
101100000000000000000000000000000000000000000000000000000000000000000000000000000000000000000011100
111100000000000000000000000000000000000000000000000000000000000000000000000000000000000000000011100
111100000000000000000000000000000000000000000000000000000000000000000000000000000000000000000011100
111100000000000000000000000000000000000000000000000000000000000000000000000000000000000000000011100
111100000000000000000000000000000000000000000000000000000000000000000000000000000000000000000001100
111100000000000000000000000000000000000000000000000000000000000000000000000000000000000000000001100
111100000000000000000000000000000000000000000000000000000000000000110000000000000000000000000001100
110110000000000000000000000000000000000000000000000000000000000000111000000000000000000000000001100
110110000000000000000000000000000000000000000000000000000000000000111000000000000000000000000001100
010011000000000000000000000000000000000000000000000000000000000000111000000000000000000000000001100
011011000000000000000000000000000000000000000000000000000000000000111000000000000000000000000001100
011011000000000000000000000000000000000000000000000000000000000000111000000000000000000000000001100
011011000000000000000000000000000000000000000000000000000000000000111000000000000000000000000001100
011001000000000000000000000000000000000000001100000000000000000000111000000000000000000000000001100
011001000000000000000000000000000000000000011100000000000000000000111000000000000000000000000001100
011001100000000000000000000000000000000000001110000000000000000000111000000000000000000000000001100
001101100000000000000000000000000000000000001110000000000000000000111000000000000000000000000001110
001100100000000000000000000000000000000000001111000000000000000000111000000000000000000000000001110
001100110000000000000000000000000000000000000111100000000000000000111000000000000000000000000001111
000100110000000000000000000000000000000000000111110000000000000001111000000000000000000000000000111
000110010000000000000000000000000000000000000011111100000000000111110000000000000000000000000000111
000010011000000000000000000000000000000000000001111111111111111111100000000000000000000000000000110
000011011000000000000000000000000000000000000000011111111111111111000000000000000000000000000000110
000001011000000000000000000000000000000000000000000111111111111100000000000000000000000000000001110
000001101000000000000000000000000000000000000000000000000000000000000000000000000000000000000001110
000000111100000000000000000000000000000000000000000000000000000000000000000000000000000000000011100
000000111100000000000000000000000000000000000000000000000000000000000000000000000000000000000011100
000000011100000000000000000000000000000000000000000000000000000000000000000000000000000000000111000
000000001110000000000000000000000000000000000000000000000000000000000000000000000000000000000111000
000000001111000000000000000000000000000000000000000000000000000000000000000000000000000000001110000
000000001111000000000000000000000000000000000000000000000000000000000000000000000000000000001110000
000000001101100000000000000000000000000000000000000000000000000000000000000000000000000000001100000
000000001100110000000000000000000000000000000000000000000000000000000000000000000000000000011100000
000000000100111000000000000000000000000000000000000000000000000000000000000000000000000000011100000
000000000100011000000000000000000000000000000000000000000000000000000000000000000000000000011000000
000000000110001100000000000000000000000000000000000000000000000000000000000000000000000000111000000
000000000110001111000000000000000000000000000000000000000000000000000000000000000000000000110000000
000000000010000011100000000000000000000000000000000000000000000000000000000000000000000001110000000
000000000010000001111100000000000000000000000000000000000000000000000000000000000000000001100000000
000000000001000000001110000000000000000000000000000000000000000000000000000000000000000001100000000
