0000000000000000000000000000000000000000111111111111111111111111111111111111000000000000000000000000
0000000000000000000000000001111111111111111111111111111111111111111111111111110000000000000000000000
0000000000000000000001111111111111111111111111111111111111000011111111111111111100000000000000000000
0000000000000000001111111111111111100000011111111111111111111100000000000000111110000000000000000000
0000000000000001111111111111111111111111111110000000000000111111100000000000001111000000000000000000
0000000000000111111110000000000111110000000000000000000000000001111000000000000111100000000000000000
0000000000001111110011111111000000000000000011111111111111111000001110000000000011110000000000000000
0000000000111111000110000011111111111111111111100000000000011111000011100000000001111000000000000000
0000000001111100000110000000000000000000000000001111111111100001111000111000000000111000000000000000
0000000011110000000000001111111000000000000000011111111111111111001110001100000000011100000000000000
0000000011100000000001111111111111110000000000000110000000000011110011000111000000011110000000000000
0000000111100000000011000000000000110000000000001100000000000000011100110001110000001110000000000000
0000000111000000000110000000000001000000000000001000000000000000000110011000111000000111000000000000
0000000111000000001100000000000001100000000000011000000000000000000011100110000000000111100000000000
0000000111000000001100000000000000110000000000011000000111111110000000110010000000000011100000000000
0000001111000000001000000000000000110000000000000000011111111111110000010000000000000001110000000000
0000001110000000000000000000000000110000000000000001111111111111111100000000000000000001110000000000
0000011110000000000001111111110000110000000000000111111001111111111110000000000000000000111000000000
0001111100000000000011111111111111100000000000001111000001111111110111000000000000000000111100000000
0011111000011111110111111111111111100000000000011110000001111111110011100111110000111111111111000000
0011100011111111110111111111111111111110000000111100001111111111111111100001100011111111111111100000
0111001100000000000011111111111111111111000000111101111111000000011111101100000000000000001111111000
1111011001100000000000000000000111111110000000011111111000001100000000000010001111111110000110111100
1110110111000000000000000000000001110000000000001111000000001110000000000000111111111111000011011100
1110101100111111110000000000000000110000000000000000000000000111100000000111111100000111100001001110
1101101001111111111100011000000000110000000000000000000000000011111111111111100111000001110000001110
1101001011110000111110111000000000110000000000000000000000000000111111111100000111000000111000000111
1101001001100010011111110000000001110000000000000000000000000000000111100000000111000000111000000111
1111000000000111000111100000000111110000000000000000000000000000000000000000011111100000011000000111
1111000000000110000000000000011111100000000000011111100000000000000000000011111111110000011000000111
1111101100000110000000000001111110000000000000011111110111111110000000001111110011111110011000000111
1110100111001110000000000001111000000000000000000001110011111111000001111111000011111111011000001110
1110110011001111000000000111111100000000000111111100110000000000001111111100000011100010111001101110
0111011100001111000000111101111110000000011111111101110000000001111111110000000111100000111001011110
0111100111001111110011100000001111000000001111011111110000001111111111100000001111000001110011011100
0011100001011111111000000000000111100111000000000011100001111111110011100000111111000000100110111100
0001110000011111111110000000000011111111000000000000011111111110000011100011111110000000011110111000
0001111000011111011111100000000000111100000000001111111111100000000011111111111110000001111001110000
0000111000011111011111111110000000000000001111111111111110000000000111111111111100000000001111110000
0000111000011111011101111111111111111111111111111111111110000000011111111100111000000000011111100000
0000111000011110011100011111111111111111111111100000001110000011111111100001111000000000011111000000
0000011000011110011100111000011111110000011100000000001111011111111111100011110000000000111110000000
0000011000011111111000111000000011100000011100000000001111111111111111100111100000000001111000000000
0000011000011111111100111000000011100000011100000011111111111111100111101111000000000001110000000000
0000011100011111111111111111111111111111111111111111111111111100000011111110000000000011110000000000
0000011100011111111111111111111111111111111111111111111111110000000001111100000000000011100000000000
0000011100011111111111111111111111111111111111111111111011100000000001111000000000000111100000000000
0000011100011111111111111111111111111111111111111111100011100000000011110000000000001111000000000000
0000011000011101111111111111111111111111111111111000000001100000001111000000000000011110000000000000
0000011000001101111111111111111111111111111111000000000001110000011110000000000000111100000000000000
0000011000001110110011111111111111111110000011000000000001110001111000000000000001111000000000000000
0000011000001110111011100111000001110000000011000000000001111111110000000000000011110000000000000000
0000011000000111111011100011100001110000000011000000000000111111000000011000110111100000000000000000
0000011000000011111001100011100000110000000011000000000111111100000001110011111111000000000000000000
0000111000000001111111110011110000110000000011000001111111100000000111001110111110000000000000000000
0000111000000000011111111111111010111111111111111111111110000000011100111011111000000000000000000000
0000111000000000000011111111111111111111111111111111100000000011110011100111110000000000000000000000
0000111000000000000000000000001111111111111111100000000000011110011110011111000000000000000000000000
0000111000100000100000000000000000000000000000000000000011111001110001111110000000000000000000000000
0000111000110000110000000011111111111111111110000000011111001111000111111000000000000000000000000000
0000111000010000011100000000000000000000000110001111110001111000011111110000000000000000000000000000
0000111000011000000111000000000000000000111111111100011111000001111111000000000000000000000000000000
0000111000001100000001111111111111111111111000000111110000000111111100000000000000000000000000000000
0000111000000110000000000000000000000000000111111100000000111111110000000000000000000000000000000000
0000111000000001110000000000000000011111111111000000000011111110000000000000000000000000000000000000
0000111000000000011111111111111111111111000000000000011111111000000000000000000000000000000000000000
0000011100000000000000000000000000000000000000000001111111100000000000000000000000000000000000000000
0000011100000000000000000000000000000000000000001111111100000000000000000000000000000000000000000000
0000011110000000000000000000000000000000000011111111110000000000000000000000000000000000000000000000
0000001111000000000000000000000000000000111111111110000000000000000000000000000000000000000000000000
0000000111111000000000000000000000111111111111110000000000000000000000000000000000000000000000000000
0000000011111111110000000000111111111111111100000000000000000000000000000000000000000000000000000000
0000000000111111111111111111111111111110000000000000000000000000000000000000000000000000000000000000
0000000000000111111111111111111111000000000000000000000000000000000000000000000000000000000000000000
0000000000000000000000111100000000000000000000000000000000000000000000000000000000000000000000000000

